"Results file for PSDM - Windows - Version 1.40"
"Time(min)    BVT(-)   VTM(m^3/kg)   PFOA          "

0.72       43.15       0.12          0.000
1.44       86.30       0.24          0.000
2.16       129.45       0.36          0.000
2.88       172.61       0.48          0.000
3.60       215.76       0.60          0.000
4.32       258.91       0.72          0.000
5.04       302.06       0.84          0.000
5.76       345.21       0.96          0.000
6.48       388.36       1.08          0.000
7.20       431.51       1.20          0.000
7.92       474.67       1.32          0.000
8.64       517.82       1.43          0.000
9.36       560.97       1.55          0.000
10.08       604.12       1.67          0.000
10.80       647.27       1.79          0.000
11.52       690.42       1.91          0.000
12.24       733.57       2.03          0.000
12.96       776.73       2.15          0.000
13.68       819.88       2.27          0.000
14.40       863.03       2.39          0.001
15.12       906.18       2.51          0.001
15.84       949.33       2.63          0.001
16.56       992.48       2.75          0.001
17.28       1035.63       2.87          0.001
18.00       1078.79       2.99          0.001
18.72       1121.94       3.11          0.001
19.44       1165.09       3.23          0.001
20.16       1208.24       3.35          0.001
20.88       1251.39       3.47          0.001
21.60       1294.54       3.59          0.002
22.32       1337.69       3.71          0.002
23.04       1380.85       3.83          0.002
23.76       1424.00       3.95          0.002
24.48       1467.15       4.06          0.002
25.20       1510.30       4.18          0.003
25.92       1553.45       4.30          0.003
26.64       1596.60       4.42          0.003
27.36       1639.75       4.54          0.003
28.08       1682.91       4.66          0.004
28.80       1726.06       4.78          0.004
29.52       1769.21       4.90          0.004
30.24       1812.36       5.02          0.005
30.96       1855.51       5.14          0.005
31.68       1898.66       5.26          0.006
32.40       1941.81       5.38          0.006
33.12       1984.97       5.50          0.006
33.84       2028.12       5.62          0.007
34.56       2071.27       5.74          0.007
35.28       2114.42       5.86          0.008
36.00       2157.57       5.98          0.008
36.72       2200.72       6.10          0.009
37.44       2243.88       6.22          0.010
38.16       2287.03       6.34          0.010
38.88       2330.18       6.46          0.011
39.60       2373.33       6.58          0.012
40.32       2416.48       6.69          0.012
41.04       2459.63       6.81          0.013
41.76       2502.78       6.93          0.014
42.48       2545.94       7.05          0.015
43.20       2589.09       7.17          0.016
43.20       2589.09       7.17          0.016
